=== Skeletal Data Dump [Debug] ===
Total Bones: 19
------------------------------------------
Bone Index: [0] Name: RootNode
Parent Index: -1
  <Local Matrix (Animated)>
        1.0000     0.0000     0.0000     0.0000 
        0.0000     1.0000     0.0000     0.0000 
        0.0000     0.0000     1.0000     0.0000 
        0.0000     0.0000     0.0000     1.0000 
  <Global Transform>
        1.0000     0.0000     0.0000     0.0000 
        0.0000     1.0000     0.0000     0.0000 
        0.0000     0.0000     1.0000     0.0000 
        0.0000     0.0000     0.0000     1.0000 
  <Offset Matrix>
        1.0000     0.0000     0.0000     0.0000 
        0.0000     1.0000     0.0000     0.0000 
        0.0000     0.0000     1.0000     0.0000 
        0.0000     0.0000     0.0000     1.0000 
  <Final Transform (Binding)>
        1.0000     0.0000     0.0000     0.0000 
        0.0000     1.0000     0.0000     0.0000 
        0.0000     0.0000     1.0000     0.0000 
        0.0000     0.0000     0.0000     1.0000 
------------------------------------------
Bone Index: [1] Name: Breaking_Wall01
Parent Index: 0
  <Local Matrix (Animated)>
        0.0100     0.0000    -0.0000     0.0000 
        0.0000     0.0000    -0.0100     0.0000 
       -0.0000     0.0100     0.0000    -0.0000 
        0.0000     0.0000    -0.0000     1.0000 
  <Global Transform>
        0.0100     0.0000     0.0000     0.0000 
        0.0000     0.0000    -0.0100     0.0000 
        0.0000     0.0100     0.0000     0.0000 
        0.0000     0.0000     0.0000     1.0000 
  <Offset Matrix>
        1.0000     0.0000     0.0000     0.0000 
        0.0000     1.0000     0.0000     0.0000 
        0.0000     0.0000     1.0000     0.0000 
        0.0000     0.0000     0.0000     1.0000 
  <Final Transform (Binding)>
        0.0100     0.0000     0.0000     0.0000 
        0.0000     0.0000    -0.0100     0.0000 
        0.0000     0.0100     0.0000     0.0000 
        0.0000     0.0000     0.0000     1.0000 
------------------------------------------
Bone Index: [2] Name: RB_Baked_Armature
Parent Index: 0
  <Local Matrix (Animated)>
        1.0000     0.0000    -0.0000     0.0000 
        0.0000    -0.0000     1.0000     0.0000 
       -0.0000    -1.0000    -0.0000    -0.0000 
        0.0000     0.0000    -0.0000     1.0000 
  <Global Transform>
        1.0000     0.0000     0.0000     0.0000 
        0.0000    -0.0000     1.0000     0.0000 
       -0.0000    -1.0000    -0.0000    -0.0000 
        0.0000     0.0000     0.0000     1.0000 
  <Offset Matrix>
        1.0000     0.0000     0.0000     0.0000 
        0.0000     1.0000     0.0000     0.0000 
        0.0000     0.0000     1.0000     0.0000 
        0.0000     0.0000     0.0000     1.0000 
  <Final Transform (Binding)>
        1.0000     0.0000     0.0000     0.0000 
        0.0000    -0.0000     1.0000     0.0000 
        0.0000    -1.0000    -0.0000     0.0000 
        0.0000     0.0000     0.0000     1.0000 
------------------------------------------
Bone Index: [3] Name: shard_000
Parent Index: 2
  <Local Matrix (Animated)>
        1.0000     0.0000    -0.0000     0.0000 
        0.0000     1.0000    -0.0000     0.0000 
       -0.0000    -0.0000     1.0000    -0.0000 
        0.0000     0.0000    -0.0000     1.0000 
  <Global Transform>
        1.0000     0.0000     0.0000     0.0000 
        0.0000    -0.0000     1.0000     0.0000 
       -0.0000    -1.0000    -0.0000    -0.0000 
        0.0000     0.0000     0.0000     1.0000 
  <Offset Matrix>
        0.0100     0.0000    -0.0000     0.0000 
        0.0000    -0.0100    -0.0000     0.0000 
       -0.0000     0.0000    -0.0100    -0.0000 
        0.0000     0.0000    -0.0000     1.0000 
  <Final Transform (Binding)>
        0.0100     0.0000     0.0000     0.0000 
        0.0000     0.0000    -0.0100     0.0000 
        0.0000     0.0100     0.0000     0.0000 
        0.0000     0.0000     0.0000     1.0000 
------------------------------------------
Bone Index: [4] Name: shard_001
Parent Index: 2
  <Local Matrix (Animated)>
        1.0000     0.0000    -0.0000     0.0000 
        0.0000     1.0000    -0.0000     0.0000 
       -0.0000    -0.0000     1.0000    -0.0000 
        0.0000     0.0000    -0.0000     1.0000 
  <Global Transform>
        1.0000     0.0000     0.0000     0.0000 
        0.0000    -0.0000     1.0000     0.0000 
       -0.0000    -1.0000    -0.0000    -0.0000 
        0.0000     0.0000     0.0000     1.0000 
  <Offset Matrix>
        0.0100     0.0000    -0.0000     0.0000 
        0.0000    -0.0100    -0.0000     0.0000 
       -0.0000     0.0000    -0.0100    -0.0000 
        0.0000     0.0000    -0.0000     1.0000 
  <Final Transform (Binding)>
        0.0100     0.0000     0.0000     0.0000 
        0.0000     0.0000    -0.0100     0.0000 
        0.0000     0.0100     0.0000     0.0000 
        0.0000     0.0000     0.0000     1.0000 
------------------------------------------
Bone Index: [5] Name: shard_002
Parent Index: 2
  <Local Matrix (Animated)>
        1.0000     0.0000    -0.0000     0.0000 
        0.0000     1.0000    -0.0000     0.0000 
       -0.0000    -0.0000     1.0000    -0.0000 
        0.0000     0.0000    -0.0000     1.0000 
  <Global Transform>
        1.0000     0.0000     0.0000     0.0000 
        0.0000    -0.0000     1.0000     0.0000 
       -0.0000    -1.0000    -0.0000    -0.0000 
        0.0000     0.0000     0.0000     1.0000 
  <Offset Matrix>
        0.0100     0.0000    -0.0000     0.0000 
        0.0000    -0.0100    -0.0000     0.0000 
       -0.0000     0.0000    -0.0100    -0.0000 
        0.0000     0.0000    -0.0000     1.0000 
  <Final Transform (Binding)>
        0.0100     0.0000     0.0000     0.0000 
        0.0000     0.0000    -0.0100     0.0000 
        0.0000     0.0100     0.0000     0.0000 
        0.0000     0.0000     0.0000     1.0000 
------------------------------------------
Bone Index: [6] Name: shard_003
Parent Index: 2
  <Local Matrix (Animated)>
        1.0000     0.0000    -0.0000     0.0000 
        0.0000     1.0000    -0.0000     0.0000 
       -0.0000    -0.0000     1.0000    -0.0000 
        0.0000     0.0000    -0.0000     1.0000 
  <Global Transform>
        1.0000     0.0000     0.0000     0.0000 
        0.0000    -0.0000     1.0000     0.0000 
       -0.0000    -1.0000    -0.0000    -0.0000 
        0.0000     0.0000     0.0000     1.0000 
  <Offset Matrix>
        0.0100     0.0000    -0.0000     0.0000 
        0.0000    -0.0100    -0.0000     0.0000 
       -0.0000     0.0000    -0.0100    -0.0000 
        0.0000     0.0000    -0.0000     1.0000 
  <Final Transform (Binding)>
        0.0100     0.0000     0.0000     0.0000 
        0.0000     0.0000    -0.0100     0.0000 
        0.0000     0.0100     0.0000     0.0000 
        0.0000     0.0000     0.0000     1.0000 
------------------------------------------
Bone Index: [7] Name: shard_004
Parent Index: 2
  <Local Matrix (Animated)>
        1.0000     0.0000    -0.0000     0.0000 
        0.0000     1.0000    -0.0000     0.0000 
       -0.0000    -0.0000     1.0000    -0.0000 
        0.0000     0.0000    -0.0000     1.0000 
  <Global Transform>
        1.0000     0.0000     0.0000     0.0000 
        0.0000    -0.0000     1.0000     0.0000 
       -0.0000    -1.0000    -0.0000    -0.0000 
        0.0000     0.0000     0.0000     1.0000 
  <Offset Matrix>
        0.0100     0.0000    -0.0000     0.0000 
        0.0000    -0.0100    -0.0000     0.0000 
       -0.0000     0.0000    -0.0100    -0.0000 
        0.0000     0.0000    -0.0000     1.0000 
  <Final Transform (Binding)>
        0.0100     0.0000     0.0000     0.0000 
        0.0000     0.0000    -0.0100     0.0000 
        0.0000     0.0100     0.0000     0.0000 
        0.0000     0.0000     0.0000     1.0000 
------------------------------------------
Bone Index: [8] Name: shard_005
Parent Index: 2
  <Local Matrix (Animated)>
        1.0000     0.0000    -0.0000     0.0000 
        0.0000     1.0000    -0.0000     0.0000 
       -0.0000    -0.0000     1.0000    -0.0000 
        0.0000     0.0000    -0.0000     1.0000 
  <Global Transform>
        1.0000     0.0000     0.0000     0.0000 
        0.0000    -0.0000     1.0000     0.0000 
       -0.0000    -1.0000    -0.0000    -0.0000 
        0.0000     0.0000     0.0000     1.0000 
  <Offset Matrix>
        0.0100     0.0000    -0.0000     0.0000 
        0.0000    -0.0100    -0.0000     0.0000 
       -0.0000     0.0000    -0.0100    -0.0000 
        0.0000     0.0000    -0.0000     1.0000 
  <Final Transform (Binding)>
        0.0100     0.0000     0.0000     0.0000 
        0.0000     0.0000    -0.0100     0.0000 
        0.0000     0.0100     0.0000     0.0000 
        0.0000     0.0000     0.0000     1.0000 
------------------------------------------
Bone Index: [9] Name: shard_006
Parent Index: 2
  <Local Matrix (Animated)>
        1.0000     0.0000    -0.0000     0.0000 
        0.0000     1.0000    -0.0000     0.0000 
       -0.0000    -0.0000     1.0000    -0.0000 
        0.0000     0.0000    -0.0000     1.0000 
  <Global Transform>
        1.0000     0.0000     0.0000     0.0000 
        0.0000    -0.0000     1.0000     0.0000 
       -0.0000    -1.0000    -0.0000    -0.0000 
        0.0000     0.0000     0.0000     1.0000 
  <Offset Matrix>
        0.0100     0.0000    -0.0000     0.0000 
        0.0000    -0.0100    -0.0000     0.0000 
       -0.0000     0.0000    -0.0100    -0.0000 
        0.0000     0.0000    -0.0000     1.0000 
  <Final Transform (Binding)>
        0.0100     0.0000     0.0000     0.0000 
        0.0000     0.0000    -0.0100     0.0000 
        0.0000     0.0100     0.0000     0.0000 
        0.0000     0.0000     0.0000     1.0000 
------------------------------------------
Bone Index: [10] Name: shard_007
Parent Index: 2
  <Local Matrix (Animated)>
        1.0000     0.0000    -0.0000     0.0000 
        0.0000     1.0000    -0.0000     0.0000 
       -0.0000    -0.0000     1.0000    -0.0000 
        0.0000     0.0000    -0.0000     1.0000 
  <Global Transform>
        1.0000     0.0000     0.0000     0.0000 
        0.0000    -0.0000     1.0000     0.0000 
       -0.0000    -1.0000    -0.0000    -0.0000 
        0.0000     0.0000     0.0000     1.0000 
  <Offset Matrix>
        0.0100     0.0000    -0.0000     0.0000 
        0.0000    -0.0100    -0.0000     0.0000 
       -0.0000     0.0000    -0.0100    -0.0000 
        0.0000     0.0000    -0.0000     1.0000 
  <Final Transform (Binding)>
        0.0100     0.0000     0.0000     0.0000 
        0.0000     0.0000    -0.0100     0.0000 
        0.0000     0.0100     0.0000     0.0000 
        0.0000     0.0000     0.0000     1.0000 
------------------------------------------
Bone Index: [11] Name: shard_008
Parent Index: 2
  <Local Matrix (Animated)>
        1.0000     0.0000    -0.0000     0.0000 
        0.0000     1.0000    -0.0000     0.0000 
       -0.0000    -0.0000     1.0000    -0.0000 
        0.0000     0.0000    -0.0000     1.0000 
  <Global Transform>
        1.0000     0.0000     0.0000     0.0000 
        0.0000    -0.0000     1.0000     0.0000 
       -0.0000    -1.0000    -0.0000    -0.0000 
        0.0000     0.0000     0.0000     1.0000 
  <Offset Matrix>
        0.0100     0.0000    -0.0000     0.0000 
        0.0000    -0.0100    -0.0000     0.0000 
       -0.0000     0.0000    -0.0100    -0.0000 
        0.0000     0.0000    -0.0000     1.0000 
  <Final Transform (Binding)>
        0.0100     0.0000     0.0000     0.0000 
        0.0000     0.0000    -0.0100     0.0000 
        0.0000     0.0100     0.0000     0.0000 
        0.0000     0.0000     0.0000     1.0000 
------------------------------------------
Bone Index: [12] Name: shard_009
Parent Index: 2
  <Local Matrix (Animated)>
        1.0000     0.0000    -0.0000     0.0000 
        0.0000     1.0000    -0.0000     0.0000 
       -0.0000    -0.0000     1.0000    -0.0000 
        0.0000     0.0000    -0.0000     1.0000 
  <Global Transform>
        1.0000     0.0000     0.0000     0.0000 
        0.0000    -0.0000     1.0000     0.0000 
       -0.0000    -1.0000    -0.0000    -0.0000 
        0.0000     0.0000     0.0000     1.0000 
  <Offset Matrix>
        0.0100     0.0000    -0.0000     0.0000 
        0.0000    -0.0100    -0.0000     0.0000 
       -0.0000     0.0000    -0.0100    -0.0000 
        0.0000     0.0000    -0.0000     1.0000 
  <Final Transform (Binding)>
        0.0100     0.0000     0.0000     0.0000 
        0.0000     0.0000    -0.0100     0.0000 
        0.0000     0.0100     0.0000     0.0000 
        0.0000     0.0000     0.0000     1.0000 
------------------------------------------
Bone Index: [13] Name: shard_010
Parent Index: 2
  <Local Matrix (Animated)>
        1.0000     0.0000    -0.0000     0.0000 
        0.0000     1.0000    -0.0000     0.0000 
       -0.0000    -0.0000     1.0000    -0.0000 
        0.0000     0.0000    -0.0000     1.0000 
  <Global Transform>
        1.0000     0.0000     0.0000     0.0000 
        0.0000    -0.0000     1.0000     0.0000 
       -0.0000    -1.0000    -0.0000    -0.0000 
        0.0000     0.0000     0.0000     1.0000 
  <Offset Matrix>
        0.0100     0.0000    -0.0000     0.0000 
        0.0000    -0.0100    -0.0000     0.0000 
       -0.0000     0.0000    -0.0100    -0.0000 
        0.0000     0.0000    -0.0000     1.0000 
  <Final Transform (Binding)>
        0.0100     0.0000     0.0000     0.0000 
        0.0000     0.0000    -0.0100     0.0000 
        0.0000     0.0100     0.0000     0.0000 
        0.0000     0.0000     0.0000     1.0000 
------------------------------------------
Bone Index: [14] Name: shard_011
Parent Index: 2
  <Local Matrix (Animated)>
        1.0000     0.0000    -0.0000     0.0000 
        0.0000     1.0000    -0.0000     0.0000 
       -0.0000    -0.0000     1.0000    -0.0000 
        0.0000     0.0000    -0.0000     1.0000 
  <Global Transform>
        1.0000     0.0000     0.0000     0.0000 
        0.0000    -0.0000     1.0000     0.0000 
       -0.0000    -1.0000    -0.0000    -0.0000 
        0.0000     0.0000     0.0000     1.0000 
  <Offset Matrix>
        0.0100     0.0000    -0.0000     0.0000 
        0.0000    -0.0100    -0.0000     0.0000 
       -0.0000     0.0000    -0.0100    -0.0000 
        0.0000     0.0000    -0.0000     1.0000 
  <Final Transform (Binding)>
        0.0100     0.0000     0.0000     0.0000 
        0.0000     0.0000    -0.0100     0.0000 
        0.0000     0.0100     0.0000     0.0000 
        0.0000     0.0000     0.0000     1.0000 
------------------------------------------
Bone Index: [15] Name: shard_012
Parent Index: 2
  <Local Matrix (Animated)>
        1.0000     0.0000    -0.0000     0.0000 
        0.0000     1.0000    -0.0000     0.0000 
       -0.0000    -0.0000     1.0000    -0.0000 
        0.0000     0.0000    -0.0000     1.0000 
  <Global Transform>
        1.0000     0.0000     0.0000     0.0000 
        0.0000    -0.0000     1.0000     0.0000 
       -0.0000    -1.0000    -0.0000    -0.0000 
        0.0000     0.0000     0.0000     1.0000 
  <Offset Matrix>
        0.0100     0.0000    -0.0000     0.0000 
        0.0000    -0.0100    -0.0000     0.0000 
       -0.0000     0.0000    -0.0100    -0.0000 
        0.0000     0.0000    -0.0000     1.0000 
  <Final Transform (Binding)>
        0.0100     0.0000     0.0000     0.0000 
        0.0000     0.0000    -0.0100     0.0000 
        0.0000     0.0100     0.0000     0.0000 
        0.0000     0.0000     0.0000     1.0000 
------------------------------------------
Bone Index: [16] Name: shard_013
Parent Index: 2
  <Local Matrix (Animated)>
        1.0000     0.0000    -0.0000     0.0000 
        0.0000     1.0000    -0.0000     0.0000 
       -0.0000    -0.0000     1.0000    -0.0000 
        0.0000     0.0000    -0.0000     1.0000 
  <Global Transform>
        1.0000     0.0000     0.0000     0.0000 
        0.0000    -0.0000     1.0000     0.0000 
       -0.0000    -1.0000    -0.0000    -0.0000 
        0.0000     0.0000     0.0000     1.0000 
  <Offset Matrix>
        0.0100     0.0000    -0.0000     0.0000 
        0.0000    -0.0100    -0.0000     0.0000 
       -0.0000     0.0000    -0.0100    -0.0000 
        0.0000     0.0000    -0.0000     1.0000 
  <Final Transform (Binding)>
        0.0100     0.0000     0.0000     0.0000 
        0.0000     0.0000    -0.0100     0.0000 
        0.0000     0.0100     0.0000     0.0000 
        0.0000     0.0000     0.0000     1.0000 
------------------------------------------
Bone Index: [17] Name: shard_014
Parent Index: 2
  <Local Matrix (Animated)>
        1.0000     0.0000    -0.0000     0.0000 
        0.0000     1.0000    -0.0000     0.0000 
       -0.0000    -0.0000     1.0000    -0.0000 
        0.0000     0.0000    -0.0000     1.0000 
  <Global Transform>
        1.0000     0.0000     0.0000     0.0000 
        0.0000    -0.0000     1.0000     0.0000 
       -0.0000    -1.0000    -0.0000    -0.0000 
        0.0000     0.0000     0.0000     1.0000 
  <Offset Matrix>
        0.0100     0.0000    -0.0000     0.0000 
        0.0000    -0.0100    -0.0000     0.0000 
       -0.0000     0.0000    -0.0100    -0.0000 
        0.0000     0.0000    -0.0000     1.0000 
  <Final Transform (Binding)>
        0.0100     0.0000     0.0000     0.0000 
        0.0000     0.0000    -0.0100     0.0000 
        0.0000     0.0100     0.0000     0.0000 
        0.0000     0.0000     0.0000     1.0000 
------------------------------------------
Bone Index: [18] Name: shard_015
Parent Index: 2
  <Local Matrix (Animated)>
        1.0000     0.0000    -0.0000     0.0000 
        0.0000     1.0000    -0.0000     0.0000 
       -0.0000    -0.0000     1.0000    -0.0000 
        0.0000     0.0000    -0.0000     1.0000 
  <Global Transform>
        1.0000     0.0000     0.0000     0.0000 
        0.0000    -0.0000     1.0000     0.0000 
       -0.0000    -1.0000    -0.0000    -0.0000 
        0.0000     0.0000     0.0000     1.0000 
  <Offset Matrix>
        0.0100     0.0000    -0.0000     0.0000 
        0.0000    -0.0100    -0.0000     0.0000 
       -0.0000     0.0000    -0.0100    -0.0000 
        0.0000     0.0000    -0.0000     1.0000 
  <Final Transform (Binding)>
        0.0100     0.0000     0.0000     0.0000 
        0.0000     0.0000    -0.0100     0.0000 
        0.0000     0.0100     0.0000     0.0000 
        0.0000     0.0000     0.0000     1.0000 
------------------------------------------
